world: 60e9cec1-af82-473b-af8f-2a18d5ea3ab1
world-name: world
x: 100528.57961429816
y: 72.0
z: 1000676.4613842055
yaw: -89.26025390625
pitch: 74.24977111816406
name: random
lastowner: 32638ec0-d6c4-4a5f-a384-a62e51f8d8bc
