world: 3535552b-97ea-4170-8ab4-9e9c7655f61c
world-name: world_nether
x: -15.526709973233178
y: 33.8125
z: 113.05072034845956
yaw: -91.3003158569336
pitch: 32.24903106689453
name: spawn_nether
lastowner: 32638ec0-d6c4-4a5f-a384-a62e51f8d8bc
