world: 86fbdb65-9f3a-453d-99e2-9082de51fce0
x: -58106.112736299554
y: 81.0
z: 71611.02657963509
yaw: 93.50970458984375
pitch: -1.950226902961731
name: spawn
lastowner: 32638ec0-d6c4-4a5f-a384-a62e51f8d8bc
world-name: world
