world: world
x: 0.5
y: 68.0
z: 0.5
yaw: -88.19944
pitch: 4.500162
name: spawn
lastowner: 0faa9941-5df3-33c6-8d62-4cbc7aefbf7d
