world: 86fbdb65-9f3a-453d-99e2-9082de51fce0
world-name: world
x: -58123.32048233853
y: 74.8125
z: 71654.47368807773
yaw: 2.840576171875
pitch: 64.49982452392578
name: town
lastowner: 32638ec0-d6c4-4a5f-a384-a62e51f8d8bc
